INDEX NOMINUM.

73,4, 24,2, 53,1, 54,4, 56,5,

259

M. SemproniusRutilus v1190,4.

714,5, 12701319, 44,1, 711 8011111100 Π2,3, 754,2, 56,1.4,
63, 7, 90, 5, VIII 6, 2 (111), 11,
2, 12, 36, - 116,4.
[Remustes VII 88, 4.]
[Revilus v. Caninium]
[Rhodones v. Redones]
Rsn)enus 11, 4.5.6; 2,3, 5,4,

27,4, 28,4, 31,5.11.16; 33,3;
35,3; 37,3, 43,9, 44,2, 53,1,
54,1, Π3,4, 4,1, 29,4, 35,1,
Π111,1, 171,1, 3,3, 4, 2. 3. 6.
7, 6,3, 10,1.3, 14,5, 15,2, 16,
1. 2. 4. 6, 17,1,19,4,73,1.4,
24,4, 27,8, 29, 3, 41,3, 55,1.2,
719,1; 24,1, 29, 4, 32,1, 35,
4.5.6; 41,1, 42, 3, 7Π65, 4,
71Π13,2.

R(h)0danus 11,5, 2,3, 6,1.2.4,
8,1.4, 10,5, 11,5,12,1,33,4,
Π11, 1, 7Π65,3.

1101101319, 7112,5, 711908.

Romanus (-ni) 200 fere lomb.

· L. Rosciusv24,2.r; mr.

Rufus 0. Sulpicium

1111111111 145, 2, 7115,1, 7,1.4,
646, 75, 3, 90, 6.

M. SemproniusRutss[i]usVlI 90, 4.

Sabinus v. Titurius.

Sabis Π 16, 1, 18,1, (1133, 3.)

SamarobriuaV24,l; 47,2, 53,3.

8111116111 110, 1, 11,0, ΠΙ 11,5,
7Π75,3.

(Scaldis 7133, 3.)

[Sebusiani v. Segusiavi]

Sedulius VHSS,4.

Seduni 1111,1, 2,1; 7,1.

Sedusii 151,2.

Segni 71321.

Seguntium V 21, l.

Segbvax 722,1.

Segusiavi 110, 5, 711644, 75,2.

712,3; 3456, 5,2, 44,1.3,
7114,6,11,1;34,2,56,5, 58,
3, 75,3, - 71Π30,1.

8010111112, 7Π57,1.4, 58,
36.

80001111 11, 5, 2, 3, 3,4, 6,1,
8,1,9,1-4,10,1,11,1,12,1,
19,1, 31, 4. 7. 10, 32, 2. 34. 5,
33,2.4, 35,3, 38,1, 40,11, 44,
9, 48,2, 54,2, 1710,3, 7112,
14. 6, 7Π 66, 2, 67, 7, 75,3,
90,4,-13,4.

ager Sequanus 131,10.

Q. Sertorius ΠΙ 23, 5.

[Sesuvii v. Esurii]

P. Sextius Baculus 1125,1; ΠΙ
5,2, VI 38, 1. 4.

T. Sextius 711,1, 7Π49,1, 51,
2, 90,0,711111,1.

8111131100(8111111113)ΠΙ27,1.

[8100111311001111]

(Sigambri v. Sugambri.)

M. (Iunius) Silanus 711,1.

Τ. 811(])11101Π7,4, 8,2.

[Suriates v. Sotiates]

801 7121, 2.

S0[u]tibtes 11120, 23, 21,1.2.

Sueba [Suera] 153, 4.

Suebi [Suevi] 137, 3. 4, 51,2,
54,1, 171,2.3, 3, 24, 4,1,
7,5, 8,3, 16,5, 19,1.2.3, 71
9,8; 10,1.9.4.5, 29,1.

= 8110εεί01101[8000001100]Π3,5,

4,6,12,1.4,13,1,7Π16,2.3.
Sugambri 17162, 18,2.4, 19,
4, 7135, 5.
L. (Cornelius) Sulla 121, 4.
Ρ. Sulpicius Rufus IV 226, 711
00, 7.
Surus VIII 45, 2.
(Sygambri r. Sugambri.)
17*

 

