INDEX NOMINUM.

...-

45551141, 44,2,1Π1,4.

3. 43 c,3; 5, 23 aaa ao‚1;

(Adcatuannus) Adiatunnus III 31, 1. 5, 32,1, 33, 3, 42, 3, 43,4,

22,1.4.

(Admagetobriga 131,12.)

1411551555, Aduatuci 5. 4155-
tuo]

[Aedui o. Haedui]

L. Aemilius 123, 2.

Africanum bellum 1Π1 praef. 8.

Africus 18, 2.

Agedincum 1144, 3, V1110‚4;
57,1, 59,4, 62,10.

[Alduasdubis 138,4.]

41551511168,1.2.3,[69,1,] 75,1,
7515151,7515855841,
1Π114, 1, 34,1.

Alexandria VIII praef. 2.

Alexandrinum bellumVHIprael.8.

Allobroges 16, 23, 10,5, 11, 5,
14,3.6, 28,3.4, 44,9, Π11,1,
6, 5, 11164, 57, 65, 3.

(41155155 1ΙΙ31,5.)

41555110,3,Π11,1.2,,2,5, 7,,
Ι110,3.

Ambarri 111,4, 14, 3.

Ambiani 114, 9, 15, 2, (1Π9,10,)
1Π75,3,1ΙΠ7,4.

4515155111 1Π 75 4.

45151115111ΠΙ9, 10.

Α151)151111124,4, 20, 1· ,27,1.11,
29,5; 31,6, 34,3, 36,1.3, 37,
12, 38,1, 41,2.4,112,2,5,1.

1Π124,4; 25,1.

4551151511 (41551551.) 1Π 75, 2,
006.

Ambivariti Ι19,3.

4551155 1125, 2.

Ancalites V21, 1.

Andebrcgius 113,1.

Andos 1-(11) Π35,3, Π17,2, VH
4,6, 75,3, 11Π26, 2.

(Andccumborius 113, 1.)

O. Antistius Reginus 111,1,
1Π 83, 3, 90, 6.

Μ. 4515515511181,6, VIII 2,1,
24,2,38,1,46,4, 47,2, 48,1.,
8.9;50,1.2.

Apollo 1117, 2.

Aquileia 110, 3.

4551155111, 1.2, 1Π21,.3

455155151,7,1Π11,3, 20,
21, 233, 26,,6 27,,1 111
31,5,11Π46,1.2.

4151112,1.2,13,1, 16,3, Vll
90, 7, 11114, 3.

Arduenna (silva) V 3, 4, VI 29, 4,
31,2,33,3.

Arecomici 5. Volcae.

Aremoricae 511115155153,6,111
75,4, 1Π131,4.

Ariovistus 131,10. 12. 1516,
32,4.5,33,1.2.5,34,1.2,36,1,

 

