mm sumum.

37,2.4.5, 38,1, 336, 11128,
41,5,42,1.4,43,1.2.3,11,1,
46,1, 46,1.4, 47, 1. 4. 56, 18,
34, 4113, 50,2.3.4, 53,3.1,
1716, 7, 729, 3, 55, 2, 71 12, 2.

11. Aristius 7Π42,5, 13,1.
[Armoriuus v. Aremoricus}
(1 Arpiu(e)iuu 727,1, 28,1.
[11511555. Harudes]

Baeeiuis silva 71 10, 5.
Baetilus t. SextiuS.
(16511111115111111111111551. 1.
Baleares 117,1.

Τ. Bulveutius 7356.

· Β551111515 τ. iiiuuuius.

Batavi 17161.

j Belgae 11. 1. 2. 3. 5. 67 111.1;

1115111131,3.4,15,2, 7Π3,3, “

5,5.7, 7,1.5, 8, 261514. 5, 9, 5,
“ 312,37,1,38,5.7,61,6,66,1,
75, 2, 77, 3, 89, 5, 96, 2. 3, 7111
434, - 7Π4,1,76,3,83,6,
88,4, 7Π114,3.
(Asudullus 7Π88,4.)
Q. Atius Varus 71Π 28, 2.
Atrebates H 4, 9, 16, 2, 23„ 1
· Ι721,7,746,3,1’1175,3,1ἸΙ1
7,4, 17, 2, - 17 212, 35,1,
722,3,716,4,1Ί176,3, 7111
6,2, 7,5, 21,1; 47,1.
(,1, Atrius 79,1, 19, 2.
Atuatfiea 1Ἶ 32, 3. 4, 35, 8. 10.
Atuatuci H4, 9, 16,4, 29,1.1,
· 3117212615), 38,1. ·2, 39,
3, 56,1; 7123, 33, 2.
Aulerci Π34, ΠΙ 29 3, 71146·
71Π7,4,- 71157 ,3, Aulerci
Β151151155571175, 2,-1511151

Ι 2,3.6,3,1.2.1,1,1.1,5,4,

6,1.2, 1116, 15,1.5; 17,2,
19,1, 1117, 1, 11.2,1738,1,
7213, 711162, 331, 51, 5.
Belgium 1’ 12, 2, 121. 3,) 25,1,
11111111. 6, 19, 1, 51, 1.
Belloviici 1651151·511]114,5,5,3,
10,5, 13,1, 14, 2. 5, 7 24, 3,
16, 1, 71159, 25, 75, 3. 5,1111,5,
7,11162,7 1316121111,
15,,161 ,2,7.1 1, 2112, 3.
1))123,,132,1,- 7111
62.
Β1615111123.1(5111,71157116,

² 555, 555, un 1.1, u‚1.

(15551551515171175,3, —Aulerci ,

Eburovices 11117, 3, 1117 15, 3.
L. Aurunculeius Cotta 11 11, 3,
1111, 1, ,15,3, 1215, 2117,

28,3, 29,7, 30,1, 3],3, 332,
358, 36, 34, 37,4, 52,4, 71

32,4, 37, 8.
Ausci 111271.
Avaricensis 71147, 7.

32, 1, 47, 5, 52, 2.
Axima Π5,4; 9, 3.

Bumxnui

13151551 721, 1.

611511155111Π271

Bituriges 1136, 71151231.
57, 35, 116, 119, 12, 2, 13,
3,15,.,11 213, 2111, 753,
9116, 1’1112,.12, 3111
11, 1.

[Blaunovii 71175, 2.]

Boduoguaitus 11231.

1 [Boia 711 11, 5.]

11055111, 25, 6, 235, 2112,
711116, 10, 31, 17, 2. 3, 75, 3.
Brannovices 1. Aulerci.

Bratuspantium II 13, 2.
' Βι·11111()111(11)111’;1215,711,.89,
Α1511511517,1113 3, 15,3, 16, 14, 2· ,21,3.

12, 18,,1 26,,4 3112, 31,3.,4 i Β11551111111,,,1111118,1

l 1111111

1515
12))11131151,

 

